-3.269337415695190430e-01
-4.372178614139556885e-01
-2.293143868446350098e-01
-4.257745146751403809e-01
-5.343276858329772949e-01
-3.800892233848571777e-01
-3.668321371078491211e-01
-6.024681925773620605e-01
-3.758191466331481934e-01
-4.227292835712432861e-01
-4.431014358997344971e-01
-4.389804601669311523e-01
-3.858465552330017090e-01
-3.205262422561645508e-01
-2.387189567089080811e-01
-4.050603210926055908e-01
-3.313993513584136963e-01
-3.482882082462310791e-01
-2.243778705596923828e-01
-1.314809322357177734e-01
-2.060808837413787842e-01
-2.615208923816680908e-01
-1.827715486288070679e-01
-1.717155575752258301e-01
-1.713446974754333496e-01
-1.037352383136749268e-01
-8.989608287811279297e-02
-7.769935578107833862e-02
-8.746765553951263428e-02
-4.884578287601470947e-02
